[gd_scene load_steps=16 format=3 uid="uid://b83tg3hs3vbvv"]

[ext_resource type="PackedScene" uid="uid://b7thekyah17uv" path="res://data/scene/Play2World/screens/Screen1.tscn" id="1_abw1k"]
[ext_resource type="PackedScene" uid="uid://deogfgyy36b78" path="res://data/scene/Play2World/screens/Screen2.tscn" id="2_wdm4f"]
[ext_resource type="PackedScene" uid="uid://qp0ru4vtfwr3" path="res://data/scene/Play2World/screens/Screen3.tscn" id="3_msxo1"]
[ext_resource type="PackedScene" uid="uid://cx8a6a7070mt5" path="res://data/scene/Play2World/screens/Screen4.tscn" id="4_o4vb8"]
[ext_resource type="PackedScene" uid="uid://dyqbolpdc6u4o" path="res://data/scene/Play2World/screens/Screen5.tscn" id="5_ag4r1"]
[ext_resource type="PackedScene" uid="uid://bshpi2dtoy14n" path="res://data/scene/Play2World/screens/Screen6.tscn" id="6_c05is"]
[ext_resource type="PackedScene" uid="uid://ht7j3swhvkpk" path="res://data/scene/Play2World/screens/Screen7.tscn" id="7_ggkcf"]
[ext_resource type="PackedScene" uid="uid://x4nnt2eeheth" path="res://data/scene/Play2World/screens/Screen8.tscn" id="8_6mcif"]
[ext_resource type="PackedScene" uid="uid://bfuc6kooh5fmy" path="res://data/scene/Play2World/screens/Screen9.tscn" id="9_apega"]
[ext_resource type="PackedScene" uid="uid://ydb61ihdv0ee" path="res://data/scene/Play2World/Scoreboard.tscn" id="10_gc625"]
[ext_resource type="PackedScene" uid="uid://djliiil2h1gan" path="res://data/scene/Play2World/maps/map1/Tiles_leaderboard_map1.tscn" id="11_gf16a"]
[ext_resource type="PackedScene" uid="uid://dktumbf4pqrdw" path="res://data/scene/Play2World/maps/map1/small_floating_tiles.tscn" id="12_n5jlw"]
[ext_resource type="PackedScene" uid="uid://oej335ccx6ta" path="res://data/scene/Play2World/maps/map1/Tiles_map1.tscn" id="13_i32vh"]

[sub_resource type="StandardMaterial3D" id="StandardMaterial3D_p76du"]
albedo_color = Color(0.173606, 0.295257, 0.414138, 1)

[sub_resource type="StandardMaterial3D" id="StandardMaterial3D_16a80"]
albedo_color = Color(0.639486, 0.712092, 1, 1)

[node name="Map1" type="Node3D"]
transform = Transform3D(1, 0, 0, 0, 1, 0, 0, 0, 1, 0, 1.5, 0)

[node name="Ground" type="Node3D" parent="."]

[node name="CenterLayout" type="Node3D" parent="Ground"]
transform = Transform3D(0.0484138, 0, 0.998828, 0, 1, 0, -0.998828, 0, 0.0484138, 235.895, 0, -212.376)

[node name="CenterCircle" type="CSGCylinder3D" parent="Ground/CenterLayout"]
transform = Transform3D(1, 0, 0, 0, 1, 0, 0, 0, 1, 184.399, 0.6, -227.954)
radius = 200.0
height = 1.0
sides = 9

[node name="Screens" type="Node3D" parent="Ground/CenterLayout"]
transform = Transform3D(1, 0, 0, 0, 1, 0, 0, 0, 1, 0, -2.3, 0)

[node name="Screen1" parent="Ground/CenterLayout/Screens" instance=ExtResource("1_abw1k")]
transform = Transform3D(-0.704956, 0, -0.709251, 0, 1, 0, 0.709251, 0, -0.704956, 397.795, 0, -40.8518)

[node name="Screen2" parent="Ground/CenterLayout/Screens" instance=ExtResource("2_wdm4f")]
transform = Transform3D(-0.965345, 0, -0.260976, 0, 1, 0, 0.260976, 0, -0.965345, 245.465, 0, 58.6975)

[node name="Screen3" parent="Ground/CenterLayout/Screens" instance=ExtResource("3_msxo1")]
transform = Transform3D(-0.848085, 0, 0.52986, 0, 1, 0, -0.52986, 0, -0.848085, 37.3249, 0, 22.1622)

[node name="Screen4" parent="Ground/CenterLayout/Screens" instance=ExtResource("4_o4vb8")]
transform = Transform3D(-0.238584, 0, 0.971122, 0, 1, 0, -0.971122, 0, -0.238584, -89.2657, 0, -136.924)

[node name="Screen5" parent="Ground/CenterLayout/Screens" instance=ExtResource("5_ag4r1")]
transform = Transform3D(0.437492, 0, 0.899222, 0, 1, 0, -0.899222, 0, 0.437492, -83.8211, 0, -338.094)

[node name="Screen6" parent="Ground/CenterLayout/Screens" instance=ExtResource("6_c05is")]
transform = Transform3D(0.891268, 0, 0.453477, 0, 1, 0, -0.453477, 0, 0.891268, 47.2483, 0, -480.06)

[node name="Screen7" parent="Ground/CenterLayout/Screens" instance=ExtResource("7_ggkcf")]
transform = Transform3D(1, 0, 0, 0, 1, 0, 0, 0, 1, 216.881, 0, -515.685)

[node name="Screen8" parent="Ground/CenterLayout/Screens" instance=ExtResource("8_6mcif")]
transform = Transform3D(0.829818, 0, -0.558035, 0, 1, 0, 0.558035, 0, 0.829818, 381.152, 0, -438.674)

[node name="Screen9" parent="Ground/CenterLayout/Screens" instance=ExtResource("9_apega")]
transform = Transform3D(-0.0758141, 0, -0.997122, 0, 1, 0, 0.997122, 0, -0.0758141, 470.243, 0, -211.694)

[node name="Leaderboar_layout" type="Node3D" parent="Ground"]
transform = Transform3D(-0.830985, 0, -0.556295, 0, 1, 0, 0.556295, 0, -0.830985, -46.6278, -1.36941, -831.159)

[node name="scoreboard_layout" type="Node3D" parent="Ground/Leaderboar_layout"]
transform = Transform3D(0.0297362, 0, 0.999558, 0, 1, 0, -0.999558, 0, 0.0297362, -153.467, 0, 4.92047)

[node name="Scoreboard" parent="Ground/Leaderboar_layout/scoreboard_layout" instance=ExtResource("10_gc625")]
transform = Transform3D(1, 0, 0, 0, 1, 0, 0, 0, 1, 3.49048, 1, -77.201)

[node name="CSGCylinder3D" type="CSGCylinder3D" parent="Ground/Leaderboar_layout/scoreboard_layout"]
radius = 150.0
height = 1.0

[node name="CSGCylinder3D2" type="CSGCylinder3D" parent="Ground/Leaderboar_layout/scoreboard_layout"]
transform = Transform3D(1, 0, 0, 0, 1, 0, 0, 0, 1, 0, 0.1, 0)
radius = 80.0
height = 1.0
smooth_faces = false
material = SubResource("StandardMaterial3D_p76du")

[node name="CSGBox3D" type="CSGBox3D" parent="Ground/Leaderboar_layout/scoreboard_layout"]
transform = Transform3D(1, 0, 0, 0, 1, 0, 0, 0, 1, 0, 0.2, 107)
size = Vector3(20, 1, 80)
material = SubResource("StandardMaterial3D_16a80")

[node name="map1_leaderrboard" parent="Ground/Leaderboar_layout" instance=ExtResource("11_gf16a")]
transform = Transform3D(1, 0, 0, 0, 1, 0, 0, 0, 1, -142.764, -403.344, -26.0676)

[node name="small_tiles" parent="Ground" instance=ExtResource("12_n5jlw")]
transform = Transform3D(0.987963, 0, 0.154693, 0, 1, 0, -0.154693, 0, 0.987963, -148.563, -153.386, -853.034)

[node name="Tiles" parent="Ground" instance=ExtResource("13_i32vh")]
transform = Transform3D(1, 0, 0, 0, 1, 0, 0, 0, 1, 40.5987, -634.759, -415.139)

[node name="Trees" type="Node3D" parent="."]

[node name="Objects" type="Node3D" parent="."]
