[gd_scene load_steps=15 format=3 uid="uid://deypfdsedab4a"]

[ext_resource type="PackedScene" uid="uid://bwd8qxi0xi1el" path="res://data/scene/Play2World/maps/center_map/Tiles_village.tscn" id="1_pjewf"]
[ext_resource type="PackedScene" uid="uid://uan7xu6y7rg7" path="res://data/scene/Play2World/maps/center_map/Tiles_bridge.tscn" id="2_2dwuf"]
[ext_resource type="PackedScene" uid="uid://oej335ccx6ta" path="res://data/scene/Play2World/maps/map1/Tiles_map1.tscn" id="3_3mx7h"]
[ext_resource type="PackedScene" uid="uid://b7thekyah17uv" path="res://data/scene/Play2World/screens/Screen1.tscn" id="4_tb8xd"]
[ext_resource type="PackedScene" uid="uid://deogfgyy36b78" path="res://data/scene/Play2World/screens/Screen2.tscn" id="5_vnpwx"]
[ext_resource type="PackedScene" uid="uid://qp0ru4vtfwr3" path="res://data/scene/Play2World/screens/Screen3.tscn" id="6_a712g"]
[ext_resource type="PackedScene" uid="uid://cx8a6a7070mt5" path="res://data/scene/Play2World/screens/Screen4.tscn" id="7_5xan4"]
[ext_resource type="PackedScene" uid="uid://dyqbolpdc6u4o" path="res://data/scene/Play2World/screens/Screen5.tscn" id="8_k3t6p"]
[ext_resource type="PackedScene" uid="uid://bshpi2dtoy14n" path="res://data/scene/Play2World/screens/Screen6.tscn" id="9_3yuwi"]
[ext_resource type="PackedScene" uid="uid://ht7j3swhvkpk" path="res://data/scene/Play2World/screens/Screen7.tscn" id="10_0ra2t"]
[ext_resource type="PackedScene" uid="uid://x4nnt2eeheth" path="res://data/scene/Play2World/screens/Screen8.tscn" id="11_hrw2w"]
[ext_resource type="PackedScene" uid="uid://bfuc6kooh5fmy" path="res://data/scene/Play2World/screens/Screen9.tscn" id="12_61jyo"]
[ext_resource type="PackedScene" uid="uid://c018ya3k3q2en" path="res://data/scene/environments/Night.tscn" id="13_ilyq6"]

[sub_resource type="CylinderMesh" id="CylinderMesh_mgp0c"]

[node name="islands" type="Node3D"]

[node name="island1" type="Node3D" parent="."]

[node name="village_tiles" parent="island1" instance=ExtResource("1_pjewf")]
transform = Transform3D(1, 0, 0, 0, 1, 0, 0, 0, 1, 19.3087, -0.162868, 30.63)

[node name="village_tiles2" parent="island1" instance=ExtResource("2_2dwuf")]
transform = Transform3D(1, 0, 0, 0, 1, 0, 0, 0, 1, 279.69, 171.072, 41.872)

[node name="island2" type="Node3D" parent="."]
transform = Transform3D(-0.472738, -0.00136048, -0.913466, -0.017269, 0.999849, 0.00652587, 0.961198, 0.0172943, -0.449145, 302.347, 7.01813, -517.091)

[node name="village_tiles" parent="island2" instance=ExtResource("1_pjewf")]
transform = Transform3D(0.998879, 4.65661e-09, -0.0473331, -3.72529e-09, 1, 9.31323e-10, 0.0473331, 9.31323e-10, 0.998879, 40.3923, -8.67971, 3.05098)

[node name="village_tiles2" parent="island2" instance=ExtResource("2_2dwuf")]
transform = Transform3D(0.998794, -0.0490952, 0.000697315, 0.0490971, 0.998471, -0.0254065, 0.000551343, 0.0254101, 0.999677, 292.971, 169.364, 28.8042)

[node name="village_tiles3" parent="island2" instance=ExtResource("2_2dwuf")]
transform = Transform3D(0.460528, 0.0281969, 0.887198, -0.0125861, 0.999603, -0.0252362, -0.887557, 0.000455609, 0.4607, 139.997, 167.845, -236.377)

[node name="island3" type="Node3D" parent="."]
transform = Transform3D(-1.03867, -0.0140632, -0.248909, -0.017269, 0.999849, 0.00652587, 0.261821, 0.0101572, -0.987014, 909.02, 6.01733, -636.127)

[node name="village_tiles" parent="island3" instance=ExtResource("1_pjewf")]
transform = Transform3D(0.998879, 5.3551e-09, -0.0473331, -2.32831e-09, 1, 9.31323e-10, 0.0473331, 2.79397e-09, 0.998879, 40.4768, -14.2996, 3.01563)

[node name="village_tiles2" parent="island3" instance=ExtResource("2_2dwuf")]
transform = Transform3D(0.985945, -0.084786, -0.143953, 0.0897526, 0.995561, 0.0283544, 0.140911, -0.0408758, 0.989177, 292.412, 165.558, 27.9122)

[node name="village_tiles3" parent="island3" instance=ExtResource("2_2dwuf")]
transform = Transform3D(0.515001, 0.00951872, 0.857137, 0.0453095, 0.998239, -0.0383095, -0.855991, 0.0585659, 0.513663, 140.04, 164.979, -236.395)

[node name="island4" type="Node3D" parent="."]
transform = Transform3D(-1.03237, -0.0475923, 0.267573, -0.0482418, 0.998861, 0.0160454, -0.282082, 0.00335304, -0.982009, 1485.22, 14.1178, -396.258)

[node name="village_tiles" parent="island4" instance=ExtResource("1_pjewf")]
transform = Transform3D(0.998879, 5.3551e-09, -0.0473331, -2.32831e-09, 1, 9.31323e-10, 0.0473331, 2.79397e-09, 0.998879, 40.4768, -14.2996, 3.01563)

[node name="village_tiles2" parent="island4" instance=ExtResource("2_2dwuf")]
transform = Transform3D(0.987798, -0.0614748, -0.143094, 0.067603, 0.996975, 0.038362, 0.140303, -0.0475672, 0.988965, 292.412, 165.559, 27.9122)

[node name="village_tiles3" parent="island4" instance=ExtResource("2_2dwuf")]
transform = Transform3D(0.534871, -0.0245184, 0.844579, 0.0718059, 0.997283, -0.0165234, -0.841878, 0.0694836, 0.535178, 186.853, 166.942, -217.88)

[node name="island5" type="Node3D" parent="."]
transform = Transform3D(-0.364753, -0.028773, 0.95667, -0.0618953, 0.998283, 0.0098047, -1.00539, -0.0510191, -0.347682, 1633.73, 30.2463, 196.574)

[node name="village_tiles" parent="island5" instance=ExtResource("1_pjewf")]
transform = Transform3D(0.998879, 5.3551e-09, -0.0473331, -2.32831e-09, 1, 9.31323e-10, 0.0473331, 2.79397e-09, 0.998879, 40.4768, -14.2996, 3.01563)

[node name="village_tiles2" parent="island5" instance=ExtResource("2_2dwuf")]
transform = Transform3D(0.987798, -0.0614748, -0.143094, 0.067603, 0.996975, 0.038362, 0.140303, -0.0475672, 0.988965, 292.412, 165.559, 27.9122)

[node name="village_tiles3" parent="island5" instance=ExtResource("2_2dwuf")]
transform = Transform3D(0.539158, 0.00315624, 0.8422, -0.0109088, 0.999937, 0.0032361, -0.842136, -0.0109322, 0.539158, 160.337, 159.056, -228.227)

[node name="island6" type="Node3D" parent="."]
transform = Transform3D(0.24535, -0.0405074, 0.990023, -0.0229647, 0.998681, 0.0474791, -1.04257, -0.0315306, 0.231938, 1430.35, 34.2997, 765.075)

[node name="village_tiles" parent="island6" instance=ExtResource("1_pjewf")]
transform = Transform3D(0.998879, 5.3551e-09, -0.0473331, -2.32831e-09, 1, 9.31323e-10, 0.0473331, 2.79397e-09, 0.998879, 40.4768, -14.2996, 3.01563)

[node name="village_tiles2" parent="island6" instance=ExtResource("2_2dwuf")]
transform = Transform3D(0.987798, -0.0614748, -0.143094, 0.067603, 0.996975, 0.038362, 0.140303, -0.0475672, 0.988965, 292.412, 165.559, 27.9122)

[node name="village_tiles3" parent="island6" instance=ExtResource("2_2dwuf")]
transform = Transform3D(0.539158, 0.00315624, 0.8422, -0.0109088, 0.999937, 0.0032361, -0.842136, -0.0109322, 0.539158, 160.337, 159.056, -228.227)

[node name="island7" type="Node3D" parent="."]
transform = Transform3D(0.952383, 0.015708, 0.46585, -0.0400911, 0.99856, 0.0391113, -0.488918, -0.0512835, 0.90424, 853.917, 34.2997, 994.681)

[node name="village_tiles" parent="island7" instance=ExtResource("1_pjewf")]
transform = Transform3D(0.998879, 5.3551e-09, -0.0473331, -2.32831e-09, 1, 9.31323e-10, 0.0473331, 2.79397e-09, 0.998879, 40.4768, -14.2996, 3.01563)

[node name="village_tiles2" parent="island7" instance=ExtResource("2_2dwuf")]
transform = Transform3D(0.987798, -0.0614748, -0.143094, 0.067603, 0.996975, 0.038362, 0.140303, -0.0475672, 0.988965, 292.412, 165.559, 27.9122)

[node name="village_tiles3" parent="island7" instance=ExtResource("2_2dwuf")]
transform = Transform3D(0.539158, 0.00315624, 0.8422, -0.0109088, 0.999937, 0.0032361, -0.842136, -0.0109322, 0.539158, 160.337, 159.056, -228.227)

[node name="island8" type="Node3D" parent="."]
transform = Transform3D(1.06096, 0.0421951, -0.134392, -0.0400911, 0.99856, 0.0391113, 0.14297, -0.0331105, 1.00827, 259.892, 36.0624, 827.162)

[node name="village_tiles" parent="island8" instance=ExtResource("1_pjewf")]
transform = Transform3D(0.998879, 5.3551e-09, -0.0473331, -2.32831e-09, 1, 9.31323e-10, 0.0473331, 2.79397e-09, 0.998879, 40.4768, -14.2996, 3.01563)

[node name="village_tiles2" parent="island8" instance=ExtResource("2_2dwuf")]
transform = Transform3D(0.987798, -0.0614748, -0.143094, 0.067603, 0.996975, 0.038362, 0.140303, -0.0475672, 0.988965, 292.412, 165.559, 27.9122)

[node name="village_tiles3" parent="island8" instance=ExtResource("2_2dwuf")]
transform = Transform3D(0.539158, 0.00315624, 0.8422, -0.0109088, 0.999937, 0.0032361, -0.842136, -0.0109322, 0.539158, 160.337, 159.056, -228.227)

[node name="island9" type="Node3D" parent="."]
transform = Transform3D(1.06096, 0.0421951, -0.134392, -0.0400911, 0.99856, 0.0391113, 0.14297, -0.0331105, 1.00827, -275.475, 34.9185, 537.833)

[node name="village_tiles" parent="island9" instance=ExtResource("1_pjewf")]
transform = Transform3D(0.998879, 5.3551e-09, -0.0473331, -2.32831e-09, 1, 9.31323e-10, 0.0473331, 2.79397e-09, 0.998879, 40.4768, -14.2996, 3.01563)

[node name="village_tiles2" parent="island9" instance=ExtResource("2_2dwuf")]
transform = Transform3D(0.980716, -0.0576119, -0.186751, 0.0656034, 0.997164, 0.0368932, 0.184097, -0.0484331, 0.981714, 278.938, 167.938, 81.1159)

[node name="village_tiles4" parent="island9" instance=ExtResource("2_2dwuf")]
transform = Transform3D(0.950484, -0.013379, 0.310489, 0.0258719, 0.999013, -0.0361527, -0.309698, 0.0423955, 0.949892, 272.885, 164.113, -141.662)

[node name="village_tiles5" parent="island9" instance=ExtResource("2_2dwuf")]
transform = Transform3D(0.954448, -0.000767755, 0.29838, 0.00410705, 0.999938, -0.0105642, -0.298352, 0.0113083, 0.954391, 410.984, 167.091, -184.893)

[node name="village_tiles6" parent="island9" instance=ExtResource("2_2dwuf")]
transform = Transform3D(0.782564, -0.0234801, 0.2994, 0.0352209, 0.994506, -0.0481684, -0.265541, 0.0627122, 0.875967, 532.456, 167.778, -224.257)

[node name="village_tiles3" parent="island9" instance=ExtResource("2_2dwuf")]
transform = Transform3D(0.539158, 0.00315624, 0.8422, -0.0109088, 0.999937, 0.0032361, -0.842136, -0.0109322, 0.539158, 160.337, 159.056, -228.227)

[node name="Tiles" parent="." instance=ExtResource("3_3mx7h")]
transform = Transform3D(1, 0, 0, 0, 1, 0, 0, 0, 1, 809.33, -428.749, 170.19)

[node name="Screens" type="Node3D" parent="."]
transform = Transform3D(0.955989, 0, 0, 0, 0.779373, 0, 0, 0, 0.995771, 609.042, 193.951, 414.084)

[node name="Screen1" parent="Screens" instance=ExtResource("4_tb8xd")]
transform = Transform3D(-0.704956, 0, -0.709251, 0, 1, 0, 0.709251, 0, -0.704956, 397.795, 0, -40.8518)

[node name="Screen2" parent="Screens" instance=ExtResource("5_vnpwx")]
transform = Transform3D(-0.965345, 0, -0.260976, 0, 1, 0, 0.260976, 0, -0.965345, 245.465, 0, 58.6975)

[node name="Screen3" parent="Screens" instance=ExtResource("6_a712g")]
transform = Transform3D(-0.848085, 0, 0.52986, 0, 1, 0, -0.52986, 0, -0.848085, 37.3249, 0, 22.1622)

[node name="Screen4" parent="Screens" instance=ExtResource("7_5xan4")]
transform = Transform3D(-0.238584, 0, 0.971122, 0, 1, 0, -0.971122, 0, -0.238584, -89.2657, 0, -136.924)

[node name="Screen5" parent="Screens" instance=ExtResource("8_k3t6p")]
transform = Transform3D(0.437492, 0, 0.899222, 0, 1, 0, -0.899222, 0, 0.437492, -78.5909, 0, -338.094)

[node name="Screen6" parent="Screens" instance=ExtResource("9_3yuwi")]
transform = Transform3D(0.891268, 0, 0.453477, 0, 1, 0, -0.453477, 0, 0.891268, 49.3403, 0, -471.022)

[node name="Screen7" parent="Screens" instance=ExtResource("10_0ra2t")]
transform = Transform3D(1, 0, 0, 0, 1, 0, 0, 0, 1, 216.881, 0, -515.685)

[node name="Screen8" parent="Screens" instance=ExtResource("11_hrw2w")]
transform = Transform3D(0.829818, 0, -0.558035, 0, 1, 0, 0.558035, 0, 0.829818, 381.152, 0, -438.674)

[node name="Screen9" parent="Screens" instance=ExtResource("12_61jyo")]
transform = Transform3D(-0.0758141, 0, -0.997122, 0, 1, 0, 0.997122, 0, -0.0758141, 470.243, 0, -211.694)

[node name="MeshInstance3D" type="MeshInstance3D" parent="Screens"]
transform = Transform3D(401.825, 0, 0, 0, 17.4339, 0, 0, 0, 398.095, 189.537, -13.7158, -223.29)
mesh = SubResource("CylinderMesh_mgp0c")

[node name="Environment" parent="Screens" instance=ExtResource("13_ilyq6")]
